67207102
67152678
67178603
67135171
67436475
67153225
67255924
67160414
67164796
67544809
67213936
67236271
67160927
67297451
7205631
67162901
67176457
67159651
67238425
67151343
67155491
67185765
67151201
67145371
67151408
67563196
67238083
67152840
67177452
67175949
67153760
67181924
67131941
58819763
67152169
67150611
67174075
67218609
67405621
67227647
67257314
67162066
67152454
67120922
67174444
67463027
66638672
67124833
67150801
67176902
67217642
67151727
67224590
67163783
67464407
67223459
67203043
67166055
67176607
67275996
67305043
67153082
67108841
67056683
67153484
67347925
67275738
67152311
67378028
67221466
67152983
67175052
67151585
6715296
67156349
67160615
67179522
67224666
67165912
67151859
67172186
67181788
67055901
67216624
66899558
67107291
67150463
67133071
67224292
67153594
67199689
67155321
67152025
67150810